 1 P  60  70  64     128 110 120
 2 N  52  64  98     180 156 160 140
 3 P 100  94         190 140
 4 N  84  88  96 112 136 126 122 110
 5 P  56  70  61  64 230 150 130 150
 6 P 105 120         142 150
 7 N 116 116         210 230
 8 N  68  68  72  84 170 150 150 156
 9 P  85  88  90  92 150 134 140 154
10 N  64  60         140 120
11 N  76  90         160 164
12 N  88 125 140     150 140 140
13 P  88  78  80  72 130 120 108 118
14 P  96 114      88 152 144     158
15 P  54  60  52  58 100 100  92 110
16 P  60  62  68  60 170 180 206 188
17 N  56  58  56  60 110 112 102 110
18 N  56  60         120 120
19 N  54  60  78  76 125 120 118 118
20 N  60  60         230 170
21 P  60  54  60  64 100 120 130 116
22 N  92 100 100 100 124 134 146 180
23 P  72  84  84     168 178 140
24 N 100  96         110 116
25 P 100  90 113     150 130 128
26 N  52  74  88  66 164 144 128 140
27 N  76  76         170 170
28 P  75  75  75  88 152 152 150 150
29 P  58  58  58  58
30 N  56  54      59 106 124     120
31 P  70  60         160 180
32 N  51  66         150 136
33 P  90  98         180 180
34 N  90  86         160 140
