  161130270  601419  6
  354130220 1601393  3
  467130270  501412365
  556125250  701392 16
  854130255  701400 45
 1452120160 1051220 47
 1560111160  951214 36
 1751120520 1201742  2
 1963130215  901339365
 2236225180  871260365
 23721 6 90 7101356365
 2468240350 1501589  4
 2550225380  801580  2
 2942220145 1431202 26
 3035211150  901182129
 3257240270  301399  0
 3329228145  901168 21
 3464110190  851282  1
 3542220320  601492365
 3647250315  951508235
 37442 2 50 285 830  5
 3850220150  601163 47
 3927120310          1
 4072240200 1001314  3
 4132125580  601751  1
 4433120315  151457 32
 4537140540 1801796  5
 4651230450  131610365
 5127220130 2251206365
 5254222 65 260 928 15
 5343160450          3
 5450228325  951521 10
 5545140300  601464365
 5647240445  751645 64
 5754135420  551607  3
 5939135420  901630365
 6149229245 1501434  0
 6263120300 1201503  2
 6364120180  551239 74
 64331 6 5014401567365
 6745250510   51660  1
 6866160220  601330 42
 7158140430  851637365
 74252 9110  301009 14
 7631230430  551618  3
 7754210380  301548 12
 7835235 4511821356  9
 7970230310  801491  7
 8037223240  851383  3
 8257220115 1121081  2
 8348150415  451596 11
 8432118195  901296  7
 8959130420  751620  1
 9026230450  651644 14
 9432140280  901454 45
 95512 7    120      0
 9930220270  851435  2
10142140415  651608  2
10256120260 1651469 47
10476115140  901153  9
10525215440  971654  1
10740250390   81545365
108402 4 4010801240185
10930220150  151135365
11057240195  851293  0
11229222375  601561365
11537240990  101951  7
11822114140  601133  2
11959240295  801470  0
12047230520  301684  3
12152140            30
12237215 7014401713  2
12343220300  971488  2
124282 8280 1101466  2
12547220290 1031477  2
12630228340  501512365
12742150275  601427  7
12830122340  501512 16
13228115390  651581 14
13355120140 6121486  0
13434113250 1571447  7
13525230290  751459157
13644134330  451496  6
138432 9 6011151438365
13928217285 1001468106
140362 5 70 8401330 35
14124120270  601419 14
14322244710  751848  4
14434229170  801230  6
14538230220  721337  2
14637130450   51605  2
14746240235  701365  1
14943125310  401466  0
15057235520  601703  3
15135120270  621420 90
15356220140 1081164 82
15440240250  601385  0
15740230150 1201202 30
15855225285  851458  1
15927220180 1001268 63
160391 3 40 205 682365
16126215 4011641294 25
16256120140 1251175  3
16430245480  601668  4
16628120345  651528 21
16824114260  701409  3
16953240130 3721300160
17043120240  551364  6
172532 4 50 370 884 90
174412 7 80 6741282 97
17559120300  651468 29
17644240380  751577 20
17751128500  701693  3
17847123270  601419  5
17929220330  501499  6
18044220300  601464  1
18537125            30
186491 9170  821232 60
189272 6 70 140 883 14
19037222340  901538 10
19345220 45 9601215 14
19735225270 1201457  5
19839215170 1751291  3
19937225330 1051534  0
20037230     83     33
20156220220  601330  2
20259215310 1801555  7
20325220300 1751538  2
20528230290  751459365
20642230265 1101442365
20736113250  331368 14
20833225380   21530 55
21023218180  661246  3
21161120200  911308365
21343230260 1051431 21
214531 2 45 9801227  4
21546120200  101256365
218442 7 50 240 801  4
21935215190 1051295 12
22154211           365
22252125360  921564  7
22439130320  101460  3
22553190190   51231365
22630225150 1351211 21
22936140500  101654124
23128235405  201569 41
23249218180   11205  8
23327129 80 9451455365
23563126290   01411365
23624260 4513801483 14
23833128480  551665 13
23939118190  951288  2
24126240485  801686  1
242282 9150  901182 60
24340220           365
244282 5210  261288237
24546123 6510201413302
24626233280  801447  1
24746123255 1201432 11
24940111265         21
25041218320  101460  5
25146140370   11518 13
25232133340  101487  3
25335120200  601288  8
25458220185  301235  0
25656230 90  35 926 14
25935225260 1201440 33
26163215100 1101019365
26231114 95 3301137 35
26342230280   51399  0
26453160240 2101463 14
26528218475  201638  4
26635160350   11494121
26753120435  951648 15
27248230360 1001569  2
27336134390  751588  2
27444110 85 2401031  1
27550240315  101454252
27636130410  601600 14
277271 8180  901262  3
27864120125  101052  4
27927215155  801190 16
28344260390   21541  4
28450140 70  90 851365
28523140240  101336  7
28745225160  901210266
28863120270  301399130
29043263100  60 987365
29151130170  451208365
29235230390  661582 17
29332120275 2401541 20
29462150440  451621 62
29548140210  401297  3
29635230350  751541  3
29954229350  101499  5
30048123260  901421  1
30228240 6010351387311
30441130290  451440365
30527120140 1051162 72
30621215120  601066 71
30729135435  101594  4
30848120100  70 994  1
30933211270  401406365
31139130            45
31226210 90 7401375335
31337120260   51367365
31424225100  60 987 16
315322 7 4013201393153
31635220 6011101435 54
31743230220 1101362 15
31846210 90 6301305244
32030240320  601492  0
32137123 8514401797 96
32226120175  321212 25
32366120150 1951249 12
32539115190 7801725  2
32650210260  451393 21
32832125450  701647 20
32942160160  151163  2
33029116430  601621 15
33270113290  151421  1
33364140185  601254 67
33437120400  451580  7
33529214360 1201582  4
33728225240  751377  3
33941117210  701316 11
34030123270  601419 13
34155123265 1301455150
34349225350  501525 13
34433110190 1101298  6
34537120 85 7001325196
34645225205 1201337  0
34754120290  601450  7
34834222265 1501468 15
